version https://git-lfs.github.com/spec/v1
oid sha256:dfc7797eb212f49d5f50537f6ccac84b5a0d49fda0f3d7767c54fffc61c5dde4
size 25000
